634.039  0.937  1
1769.019  4.035  2
1274.497  10.416  3
1761.140  12.747  4
638.217  46.125  5
906.579  46.017  6
1656.918  54.243  7
1948.156  52.084  8
1662.327  58.618  9
1672.158  56.731  10
1953.985  59.189  11
1960.981  61.792  12
32.008  82.695  13
24.616  85.989  14
1132.826  113.257  15
1778.004  109.801  16
1124.770  115.295  17
1786.355  117.516  18
1116.637  124.234  19
1793.276  126.228  20
197.252  130.799  21
1356.741  138.544  22
207.498  141.331  23
189.122  141.228  24
1538.610  150.920  25
1547.781  159.044  26
1557.950  160.796  27
1910.946  162.730  28
1316.156  169.219  29
1901.467  174.073  30
1879.059  178.726  31
482.274  185.028  32
1883.709  184.542  33
352.561  188.561  34
346.566  192.713  35
437.795  194.191  36
1995.819  196.225  37
444.926  197.147  38
1990.745  202.932  39
937.531  203.210  40
1336.967  208.223  41
1355.271  206.707  42
1586.344  213.004  43
1345.471  216.493  44
1355.121  225.271  45
1779.198  221.665  46
1338.035  226.171  47
1784.718  256.672  48
1778.008  259.743  49
1792.232  264.922  50
1850.042  271.472  51
1611.619  275.532  52
810.240  282.124  53
1773.429  281.088  54
1802.410  285.841  55
821.268  286.714  56
1787.631  291.677  57
1795.474  306.859  58
1271.708  307.048  59
1548.908  311.015  60
1278.825  311.788  61
1555.180  316.880  62
1524.181  322.193  63
1264.395  321.815  64
1280.101  328.133  65
1277.255  329.751  66
1254.771  332.744  67
478.269  338.783  68
472.020  344.711  69
1744.850  349.247  70
1749.791  354.020  71
433.776  357.530  72
1842.824  356.835  73
25.926  357.948  74
424.752  365.257  75
194.858  360.709  76
20.411  364.804  77
27.481  366.975  78
185.798  368.891  79
1737.679  365.548  80
1758.256  371.115  81
1748.079  375.084  82
179.070  377.996  83
1833.888  398.733  84
1712.222  406.318  85
1854.772  410.233  86
1350.220  411.336  87
1359.246  422.120  88
1343.002  422.104  89
39.050  433.565  90
1526.183  434.246  91
1535.141  436.972  92
1577.461  440.425  93
1905.473  436.930  94
1565.745  442.883  95
1900.527  445.133  96
1554.574  455.389  97
881.928  454.106  98
553.271  458.966  99
546.715  467.326  100
16.464  466.073  101
539.721  476.383  102
551.890  474.977  103
8.023  474.578  104
17.241  483.275  105
504.723  484.279  106
145.536  482.945  107
503.553  487.418  108
515.542  489.040  109
1248.616  489.735  110
1264.305  489.566  111
1255.285  495.487  112
165.109  502.474  113
25.905  503.939  114
874.139  503.896  115
174.923  505.173  116
618.665  512.272  117
707.760  509.524  118
874.021  513.295  119
727.470  518.274  120
728.713  517.674  121
714.895  524.530  122
1335.842  529.258  123
1344.146  531.277  124
704.031  536.496  125
1077.131  548.656  126
21.595  550.799  127
13.012  552.759  128
1072.096  556.587  129
1081.383  564.953  130
441.736  563.133  131
322.960  565.851  132
100.821  568.356  133
447.554  569.545  134
1089.260  573.753  135
738.738  571.723  136
1075.474  574.975  137
1021.790  572.640  138
109.429  577.020  139
440.865  578.428  140
391.785  589.698  141
726.730  594.178  142
386.762  593.737  143
734.990  596.734  144
678.543  614.493  145
1484.094  615.151  146
929.255  619.714  147
295.025  618.848  148
1436.834  622.275  149
279.038  619.947  150
287.720  626.926  151
279.071  628.749  152
295.115  635.183  153
1606.937  633.866  154
1618.080  638.863  155
369.391  646.107  156
493.882  644.802  157
513.803  651.217  158
1610.030  651.290  159
503.574  654.392  160
1676.256  654.004  161
1968.694  652.142  162
1238.173  654.298  163
948.238  656.885  164
1221.041  654.734  165
715.720  659.418  166
1958.998  658.675  167
1229.419  663.812  168
1563.879  669.147  169
724.734  667.598  170
1556.507  667.739  171
1977.414  671.909  172
1239.461  674.045  173
2005.397  667.626  174
252.263  668.977  175
1979.039  674.036  176
983.350  674.371  177
1975.769  674.612  178
241.391  679.529  179
2000.236  681.258  180
1977.403  677.249  181
213.575  682.437  182
190.227  683.858  183
1995.442  691.304  184
202.258  692.046  185
1985.690  696.916  186
525.227  693.362  187
1764.615  696.875  188
189.734  703.178  189
518.975  701.693  190
138.071  700.196  191
1755.924  703.318  192
948.627  704.894  193
969.103  704.838  194
1807.249  711.490  195
959.326  714.932  196
1787.442  713.353  197
1812.819  717.845  198
1794.409  720.872  199
181.668  721.887  200
948.563  725.304  201
1797.677  725.182  202
173.773  722.859  203
1779.506  729.798  204
2007.903  729.474  205
2019.443  733.904  206
1760.890  739.263  207
1898.725  735.749  208
2016.174  741.755  209
1793.193  745.406  210
2009.719  739.758  211
1905.620  743.232  212
1196.919  749.441  213
1522.667  750.005  214
46.998  751.953  215
466.564  753.650  216
689.069  758.007  217
54.652  760.180  218
858.382  760.755  219
680.760  766.275  220
44.907  763.717  221
1472.309  780.136  222
1478.485  780.739  223
1777.114  780.604  224
1896.628  786.278  225
1906.212  789.312  226
366.524  794.995  227
373.969  800.507  228
381.120  803.745  229
200.441  810.073  230
1928.963  805.895  231
193.286  811.910  232
1936.867  814.828  233
1223.767  818.026  234
1751.064  821.096  235
1233.581  827.997  236
1224.431  838.143  237
1632.913  836.461  238
1642.641  844.865  239
1537.200  844.721  240
1651.241  856.255  241
2031.132  858.260  242
2004.735  860.854  243
2018.245  863.458  244
1712.716  866.052  245
1720.803  874.841  246
473.580  891.275  247
482.590  892.193  248
916.892  899.263  249
1251.643  912.004  250
91.862  909.776  251
70.814  910.563  252
81.956  918.978  253
1520.300  919.221  254
1336.257  923.283  255
1514.812  927.146  256
70.797  922.736  257
1359.166  926.630  258
1351.943  934.400  259
1366.263  934.840  260
1866.220  937.210  261
779.713  947.671  262
29.907  950.420  263
36.887  954.497  264
445.499  959.168  265
845.238  960.838  266
850.279  967.476  267
73.812  965.302  268
691.898  966.787  269
1023.789  967.732  270
458.262  973.463  271
26.842  973.154  272
24.804  983.459  273
1997.268  996.156  274
1738.744  1018.238  275
1732.748  1019.731  276
1102.268  1020.095  277
1096.406  1026.282  278
47.655  1050.825  279
546.261  1073.893  280
539.282  1080.351  281
531.858  1082.073  282
218.203  1088.887  283
1645.651  1089.812  284
1655.821  1099.165  285
1645.868  1103.726  286
1637.779  1112.242  287
1632.752  1112.774  288
818.165  1125.199  289
1823.063  1125.377  290
828.490  1132.396  291
497.794  1149.155  292
384.440  1151.570  293
828.096  1156.173  294
393.114  1161.361  295
1693.555  1166.385  296
209.182  1169.766  297
1526.476  1169.665  298
1797.984  1170.036  299
1702.206  1176.488  300
1559.739  1171.081  301
1517.007  1179.510  302
1537.323  1174.718  303
628.227  1176.623  304
1789.476  1179.823  305
1573.511  1180.661  306
623.161  1183.337  307
1780.795  1192.169  308
1563.178  1191.980  309
1655.594  1196.917  310
77.104  1204.901  311
1664.759  1204.520  312
1670.984  1212.052  313
943.828  1223.933  314
485.251  1243.621  315
680.154  1249.866  316
52.749  1248.851  317
58.654  1253.532  318
67.041  1257.758  319
2030.245  1282.958  320
1105.214  1285.422  321
722.024  1287.743  322
1973.836  1290.760  323
1098.754  1295.305  324
103.744  1294.642  325
112.905  1304.675  326
102.117  1308.247  327
122.944  1308.151  328
708.715  1320.843  329
1060.811  1335.101  330
1069.026  1335.961  331
1246.388  1357.059  332
1237.772  1365.613  333
1177.752  1407.317  334
1334.999  1410.632  335
1167.624  1417.010  336
1326.910  1412.077  337
1184.916  1417.300  338
477.933  1414.037  339
10.499  1414.993  340
469.972  1422.018  341
3.947  1423.165  342
461.621  1431.057  343
1261.798  1430.428  344
1684.624  1438.852  345
665.597  1439.094  346
1271.897  1439.732  347
646.739  1445.272  348
1261.789  1445.033  349
659.361  1452.609  350
1263.946  1454.834  351
1278.262  1461.261  352
329.057  1457.484  353
673.421  1459.111  354
1257.435  1462.892  355
870.892  1461.645  356
355.967  1465.206  357
261.080  1462.229  358
326.267  1466.324  359
267.934  1470.129  360
340.702  1469.949  361
869.895  1471.643  362
1269.200  1472.045  363
354.725  1474.740  364
1957.060  1477.863  365
1946.938  1480.019  366
346.457  1485.627  367
247.785  1488.925  368
1957.225  1483.737  369
1938.752  1490.118  370
242.823  1493.271  371
113.129  1496.193  372
796.834  1494.853  373
122.013  1496.798  374
1237.155  1504.811  375
468.137  1510.253  376
480.278  1508.613  377
475.741  1518.445  378
479.246  1523.182  379
969.913  1522.140  380
1857.000  1522.654  381
1887.481  1524.871  382
1848.026  1530.021  383
959.458  1531.332  384
1877.823  1533.556  385
1856.374  1538.409  386
1868.861  1536.104  387
1233.731  1576.271  388
1807.896  1572.081  389
1224.775  1578.908  390
1801.253  1579.289  391
1080.544  1579.523  392
1088.273  1586.224  393
750.282  1588.709  394
1082.768  1593.171  395
587.050  1592.864  396
79.221  1597.113  397
1950.682  1594.791  398
1755.798  1599.374  399
1960.325  1601.629  400
1112.904  1607.981  401
1967.909  1611.049  402
1049.951  1607.583  403
1123.828  1611.752  404
1041.767  1616.531  405
1134.868  1616.812  406
1117.450  1622.460  407
1908.937  1626.591  408
505.288  1635.081  409
1741.733  1636.230  410
563.327  1643.399  411
1663.509  1646.257  412
1673.040  1647.297  413
1677.262  1648.728  414
2002.005  1660.573  415
1992.493  1670.251  416
2004.284  1674.818  417
716.260  1681.290  418
1609.733  1676.250  419
1276.889  1684.079  420
1617.333  1683.785  421
1285.443  1692.121  422
1610.758  1693.013  423
1294.114  1700.249  424
1006.616  1702.962  425
1303.076  1702.174  426
1000.760  1708.298  427
1013.271  1708.342  428
1310.267  1704.994  429
1078.813  1705.778  430
1278.150  1711.240  431
1088.438  1714.852  432
1271.773  1719.070  433
1442.203  1717.869  434
1098.226  1718.024  435
1078.757  1725.348  436
1449.231  1726.427  437
1012.685  1731.579  438
583.917  1739.894  439
574.382  1742.945  440
1006.170  1745.123  441
838.010  1749.092  442
1054.945  1748.826  443
831.678  1756.332  444
1046.344  1756.277  445
1037.604  1765.020  446
485.040  1764.342  447
1575.935  1769.255  448
209.504  1765.066  449
1567.766  1771.807  450
219.340  1773.758  451
207.570  1788.116  452
841.564  1792.095  453
857.476  1792.010  454
850.000  1799.461  455
1602.361  1804.277  456
1542.021  1810.191  457
1468.096  1813.365  458
1458.902  1816.756  459
348.082  1830.723  460
727.476  1835.285  461
339.662  1834.752  462
719.750  1836.741  463
1473.919  1846.219  464
38.118  1858.180  465
52.437  1856.648  466
45.291  1863.625  467
1585.265  1867.118  468
1085.479  1868.862  469
1078.086  1876.231  470
301.050  1878.638  471
1224.725  1878.456  472
552.819  1886.690  473
1214.110  1892.620  474
544.643  1898.660  475
592.027  1896.869  476
584.609  1901.630  477
1119.833  1901.337  478
556.324  1905.094  479
825.743  1909.267  480
1220.647  1910.539  481
832.806  1910.247  482
1303.744  1914.247  483
1308.810  1914.936  484
487.300  1925.917  485
1963.197  1936.245  486
465.876  1938.277  487
1956.731  1945.093  488
1968.794  1944.982  489
258.739  1967.647  490
1981.274  1971.204  491
465.069  1982.906  492
1903.565  1983.075  493
1920.003  1983.992  494
480.810  1988.943  495
474.319  1989.961  496
1912.681  1991.314  497
1921.282  2000.393  498
1659.768  1995.918  499
1665.307  2005.712  500
1676.914  2006.780  501
1686.306  2014.582  502
64.296  2022.241  503
778.046  2031.992  504
603.493  2038.293  505
